NACA 64-212
1.00000000	0.00000000
0.99261352	0.00086303
0.98043038	0.00225233
0.96358518	0.00430110
0.94225393	0.00709531
0.91665017	0.01066134
0.88702521	0.01499235
0.85366341	0.02003731
0.81688018	0.02570965
0.77701466	0.03186046
0.73442791	0.03828567
0.68950547	0.04475739
0.64265634	0.05103226
0.59431321	0.05687059
0.54492729	0.06201596
0.49496812	0.06620822
0.44492136	0.06916917
0.39528866	0.07052533
0.34659872	0.07003766
0.29937106	0.06812529
0.25408720	0.06509673
0.21120938	0.06105979
0.17117161	0.05616479
0.13438038	0.05055454
0.10121393	0.04436319
0.07201999	0.03773171
0.04714047	0.03072599
0.02689745	0.02345901
0.01164750	0.01605467
0.00242025	0.00809790
-0.00010952	0.00122433
0.00234811	-0.00564212
0.01191034	-0.01302612
0.02770798	-0.01890632
0.04841963	-0.02425442
0.07364604	-0.02919737
0.10307412	-0.03372202
0.13637407	-0.03784791
0.17320615	-0.04149784
0.21320152	-0.04458886
0.25596356	-0.04702113
0.30106902	-0.04868002
0.34806906	-0.04948635
0.39649322	-0.04915087
0.44583638	-0.04727118
0.49559472	-0.04410286
0.54528688	-0.04002173
0.59444144	-0.03530349
0.64259849	-0.03019875
0.68931199	-0.02494795
0.73415068	-0.01976978
0.77670258	-0.01488074
0.81657523	-0.01047532
0.85339719	-0.00671815
0.88681754	-0.00371218
0.91650943	-0.00149074
0.94217707	-0.00004439
0.96355916	0.00068986
0.98043412	0.00081971
0.99262461	0.00052559
1.00000000	0.00000000

